 11-Sep-17 03/02/2017
 156867               1
  0.200635600E+04
*2006.356             1               0 SNB   3   2 CLC    40   41
  0.195352430E+02 0.169550002E+03-0.200781000E+01 0.128917000E+07
  0.129253652E+07 0.168817285E+03-0.149166769E+02 0.598129770E+02
  0.169328481E+01 0.196786898E+00 0.489454962E+00 0.174568000E+08
  0.171044881E+03-0.325933668E+01 0.492165885E+01 0.177571590E+01
  0.691070879E+00 0.102524394E+01 0.740433054E+01 0.789241508E+01
  0.432247759E+02 0.880337599E+01 0.374497935E+01-0.489128389E+00
  0.194951978E+03 0.137562623E+03 0.102774279E+03
  0.756093892E+14 0.749985698E+14 0.727401840E+14
  0.119612615E+03 0.116817793E+03
  0.759796113E+14 0.000000000E+00
  0.404061309E+01 0.323242863E+00 0.214585786E+01 0.135864699E+01
  0.737369657E+00 0.723702246E+01-0.500000000E+02-0.500000000E+02
 -0.500000000E+02 0.385605852E-01 0.169657834E+05 0.752309423E+06
  0.843093401E-08 0.126420513E+01 0.909030982E+00-0.174143463E-01
  0.135493444E+01 0.162208691E+03 0.000000000E+00 0.000000000E+00
  0.139541527E+03-0.116197082E+03-0.999000000E+03-0.999000000E+03
  0.196283076E+02-0.500000000E+02-0.201208780E+01-0.195204282E+01
  0.178323686E+02 0.454337632E+02 0.541742157E+02 0.740433054E+01
  0.174393812E+03-0.130653754E+01 0.361209210E+00 0.163215493E+04
  0.110234283E+01 0.283248471E+01 0.120002583E+07 0.000000000E+00
  0.356609000E+00 0.260348734E+04 0.117278909E+01 0.100000000E+02
    44   76   18    6
 -0.574305749E-01-0.554180054E-01-0.608737293E-01-0.281679984E-01
 -0.314785672E-01-0.235933483E+00-0.266570924E+00-0.405700269E-01
 -0.460817874E-01-0.580158285E-01-0.619045486E-01-0.471247069E-01
 -0.104022271E-01 0.486189884E-01-0.219369519E+00-0.408892472E+00
  0.104104948E+00 0.473143163E-01-0.420451644E-01-0.436458875E-01
 -0.521512523E-01-0.406873125E-01-0.307810638E-01-0.340518561E-01
 -0.513702915E-01-0.231458522E+00-0.212968487E+00-0.273482152E+00
 -0.206536640E+00-0.467447891E-01-0.465937355E-01-0.242767189E-01
  0.137859953E-01 0.623773846E-01-0.385629189E-01-0.338551773E+00
 -0.311133834E+00-0.273110871E+00-0.207914583E+00 0.687080999E-01
  0.488386996E-01 0.459162457E-01 0.241219655E-01-0.253514578E-01
  0.476858014E+00 0.474715022E+00 0.316317882E+00 0.449354206E+00
  0.389283087E+00 0.328884027E+00 0.238723226E+00 0.301833826E+00
  0.836180329E-01 0.285145853E+00 0.269274661E+00 0.269219647E+00
  0.293718541E+00 0.349086416E+00 0.301854009E+00 0.479029916E+00
  0.388282729E+00 0.468053637E+00 0.435385584E+00 0.398006963E+00
  0.283065429E+00 0.301971809E+00 0.471467543E+00 0.332982178E+00
  0.407493858E+00 0.347196789E+00 0.345267225E+00 0.329977039E+00
  0.319413621E+00 0.321605733E-01 0.344635739E-01 0.110850328E-01
  0.834883451E-01 0.136033173E+00 0.215931677E+00 0.283286801E+00
  0.268924204E+00 0.295217107E+00 0.344601408E+00 0.298614778E+00
  0.321094632E+00 0.328224770E+00 0.344698510E+00 0.412857517E+00
  0.368650825E+00 0.167731169E+00-0.114383257E+00-0.879991302E-01
 -0.157081638E+00-0.182646154E-01 0.152921537E+00 0.250555649E+00
  0.389223157E+00 0.471248435E+00 0.476768605E+00 0.457346522E+00
  0.318876449E+00 0.208332187E+00 0.933405155E-02 0.120908866E-01
  0.595619123E-01 0.820743714E-01 0.996368518E-01 0.891925952E-01
  0.953379740E-02 0.501516911E-02-0.101402895E+00-0.154914632E+00
  0.172636168E-01 0.116956724E-01 0.132953818E+00-0.258282599E-01
  0.143347743E-01-0.405036412E-01-0.369982217E-01-0.335294506E-01
 -0.120132042E+06-0.658585973E+05-0.827004240E+05 0.837994518E+05
  0.373256400E+05-0.208461991E+06-0.214881051E+06 0.180256878E+04
  0.427636116E+05-0.118571536E+06-0.115697687E+06-0.656268589E+05
  0.153284237E+05 0.994670998E+05-0.151920020E+06-0.411015641E+06
  0.185549167E+06 0.113553053E+06
 -0.944943000E+04-0.932601000E+04-0.936973000E+04-0.919699000E+04
 -0.946810000E+04-0.923860000E+04
  0.000000000E+00 0.112397134E+03-0.133333567E+03 0.145408111E+03
 -0.124999999E+03 0.000000000E+00 0.000000000E+00 0.000000000E+00
  0.000000000E+00 0.000000000E+00 0.699886697E+02 0.162819549E+02
  0.414950133E+00 0.823740328E+00-0.400000006E+02-0.187671010E+00
 -0.460015396E+00 0.300000000E+01 0.999000000E+03 0.272465612E+01
  0.141190830E+02 0.909030982E+00 0.000000000E+00 0.148890737E+00
  0.849470532E+01 0.762874210E+01 0.422467417E+01 0.000000000E+00
  0.139218040E+00 0.414821955E+00 0.109068843E+01 0.228435307E+01
  0.512608542E+02 0.298755632E+01-0.890000000E+02 0.910901227E+01
 -0.890000000E+02-0.890000000E+02-0.890000000E+02-0.890000000E+02
  0.159518834E+01-0.890000000E+02-0.890000000E+02 0.112397134E+03
 -0.133333567E+03-0.890000000E+02-0.890000000E+02 0.145408111E+03
 -0.124999999E+03 0.869650905E+08 0.512498526E+00 0.686875226E+00
  0.134747359E+03 0.167671875E+03 0.000000000E+00 0.839764311E+00
  0.000000000E+00-0.366146505E+01 0.000000000E+00 0.113420017E+02
                                            KIN
